[slider.JPG]
filters=finetune2=1,0.000000,0.000000,0.000000,00000000,1.000000;unsharp2=1,2.807018;sat=1,-0.239766;
moddate=90b4ff8a5bf9d001
width=4496
height=3000
textactive=0
